0 1 3 5 9 13
0 2 3 8 9 15
0 1 2 4 5 7
0 1 2 3 6 10
0 1 2 4 10 17
0 1 2 3 13 17
0 1 2 3 4 7
0 1 2 6 7 12
0 1 4 5 9 13
0 1 2 3 7 10
0 1 2 6 14 17
0 1 4 5 6 13
0 1 2 3 11 12
0 1 2 6 8 16
0 1 2 4 12 17
0 1 3 5 9 14
0 1 2 4 10 16
0 1 2 3 13 16
0 1 2 6 7 13
0 1 2 4 9 10
0 2 3 4 9 14
0 2 3 8 10 15
0 1 2 3 7 13
0 1 2 7 12 13
0 1 2 6 14 16
0 1 2 3 11 15
0 1 2 8 15 17
0 2 3 8 9 13
0 1 3 7 9 14
0 1 2 4 12 16
0 1 2 3 6 8
0 1 2 5 8 13
0 2 3 8 14 16
0 1 2 4 9 11
0 2 3 4 9 15
0 2 3 8 10 14
0 1 2 7 12 14
0 1 2 3 7 12
0 1 2 3 5 11
0 1 2 5 9 12
0 1 2 3 11 14
0 2 3 4 8 9
0 2 3 4 16 17
0 1 2 7 14 17
0 1 2 4 12 15
0 1 2 7 13 14
0 1 2 3 6 9
0 1 2 12 14 17
0 1 2 6 8 9
0 1 2 8 12 17
0 1 2 3 7 15
0 1 2 7 12 15
0 1 2 3 5 10
0 1 2 4 12 14
0 1 3 5 9 17
0 1 3 4 5 17
0 1 3 5 12 14
0 1 2 12 14 16
0 2 3 10 16 17
0 1 2 7 13 17
0 1 2 3 7 14
0 1 2 5 7 11
0 1 4 7 10 13
0 1 2 3 5 9
0 2 3 4 14 16
0 1 2 3 9 15
0 1 2 4 12 13
0 1 3 7 9 13
0 2 3 8 13 14
0 1 2 3 4 12
0 2 4 6 8 10
0 1 2 6 9 17
0 2 3 4 9 10
0 1 2 13 14 17
0 1 2 7 13 16
0 1 2 3 7 17
0 1 2 4 5 8
0 1 3 7 10 14
0 1 2 3 5 8
0 2 3 13 16 17
0 1 2 3 12 17
0 1 2 4 11 17
0 2 3 4 8 10
0 1 2 4 6 13
0 1 2 3 9 14
0 1 2 6 9 10
0 2 3 8 13 15
0 1 2 3 4 13
0 1 2 6 8 10
0 1 2 5 8 12
0 1 2 4 6 17
0 1 2 9 13 17
0 1 3 5 14 17
0 1 2 3 7 16
0 1 3 7 10 13
0 1 2 4 5 9
0 1 2 3 5 15
0 1 2 5 7 9
0 1 2 4 6 12
0 1 2 3 9 13
0 1 2 6 10 17
0 1 2 6 9 11
0 1 3 7 10 17
0 1 2 5 6 12
0 1 2 3 4 14
0 1 2 4 8 17
0 1 2 3 11 17
0 1 2 6 8 13
0 1 3 5 8 17
0 1 2 4 6 16
0 1 2 3 8 16
0 2 4 6 8 12
0 1 2 4 5 10
0 1 3 5 7 9
0 1 2 5 7 8
0 1 2 3 5 14
0 1 2 5 9 11
0 3 4 9 10 15
0 1 2 4 6 15
0 1 2 6 10 16
0 1 3 6 10 12
0 1 2 5 6 13
0 1 2 7 10 16
0 1 2 3 4 15
0 1 2 3 11 16
0 1 2 6 8 12
0 1 3 4 8 10
0 1 2 3 8 17
0 1 2 9 12 14
0 1 2 4 5 11
0 2 3 8 10 16
0 1 2 4 7 14
0 1 2 3 5 13
0 1 2 12 15 17
0 1 2 9 13 14
0 1 2 3 9 11
0 1 2 8 13 17
0 1 2 4 6 14
0 1 2 7 12 16
0 1 2 5 6 14
0 1 2 7 10 17
0 1 2 3 4 8
0 1 2 5 8 11
0 2 4 6 8 14
0 1 3 6 10 17
0 2 3 4 15 17
0 1 2 4 7 15
0 1 2 8 9 12
0 2 4 6 8 16
0 1 2 4 5 12
0 1 4 5 8 13
0 1 2 5 7 14
0 1 2 3 5 12
0 2 6 9 13 17
0 1 2 4 6 9
0 1 2 3 9 10
0 1 2 6 9 14
0 1 2 3 5 6
0 1 2 7 12 17
0 1 2 5 6 15
0 1 2 3 4 9
0 1 2 8 9 13
0 1 2 6 8 14
0 2 4 12 14 16
0 1 3 5 8 14
0 1 3 6 9 13
0 1 2 4 7 12
0 1 2 8 10 17
0 1 2 4 5 13
0 1 2 5 7 13
0 1 3 5 7 12
0 1 2 7 9 17
0 1 2 4 6 8
0 1 2 4 7 16
0 1 3 12 14 17
0 1 2 3 6 17
0 1 3 4 5 14
0 1 2 3 4 10
0 1 2 5 8 9
0 1 2 8 9 14
0 11 12 13 14 15
0 1 3 5 8 13
0 1 3 6 9 12
0 1 2 4 7 13
0 1 3 4 8 9
0 1 2 4 5 14
0 1 3 5 7 13
0 1 2 5 7 12
0 1 3 7 13 17
0 2 3 4 8 16
0 1 2 3 10 16
0 1 2 9 12 17
0 1 2 6 9 12
0 1 3 8 9 13
0 1 2 3 8 9
0 1 2 4 6 11
0 1 3 4 5 9
0 1 2 5 6 9
0 1 2 4 7 17
0 1 2 3 4 11
0 1 2 8 9 15
0 1 3 5 8 12
0 1 3 4 8 14
0 1 2 4 7 10
0 1 2 4 5 15
0 1 2 3 5 17
0 1 2 4 9 17
0 1 2 3 10 17
0 1 3 4 9 14
0 1 2 6 9 13
0 1 2 3 8 10
0 1 2 4 6 10
0 1 3 4 5 8
0 1 2 4 8 11
0 1 2 8 12 15
0 1 2 4 7 11
0 1 2 6 10 14
0 2 4 8 10 14
0 1 2 3 15 17
0 1 2 6 12 13
0 1 3 5 12 17
0 1 2 3 5 16
0 1 2 7 10 14
0 1 2 8 13 14
0 1 2 3 8 11
0 1 2 6 12 17
0 1 2 5 6 11
0 1 2 8 9 17
0 1 2 4 8 10
0 1 2 4 14 17
0 1 2 8 12 14
0 1 2 3 9 17
0 1 2 6 10 13
0 1 2 4 7 8
0 1 2 4 11 14
0 1 2 7 10 15
0 1 2 12 13 16
0 1 2 7 8 12
0 1 3 8 9 14
0 1 2 3 8 12
0 1 3 4 10 17
0 1 2 6 12 16
0 1 5 6 8 9
0 1 2 4 13 14
0 1 2 4 8 9
0 1 3 5 8 9
0 1 2 8 12 13
0 1 2 4 7 9
0 1 2 6 10 12
0 1 2 4 9 12
0 1 2 12 13 17
0 1 2 7 8 13
0 1 2 5 10 11
0 1 2 3 8 13
0 1 2 4 13 15
0 1 2 6 13 14
0 1 4 5 6 8
0 2 3 13 14 16
0 1 2 7 9 15
0 1 2 6 8 17
0 2 3 4 9 17
0 1 2 3 16 17
0 1 2 6 12 14
0 1 2 7 10 13
0 1 2 8 14 17
0 1 2 4 9 13
0 1 2 7 8 14
0 1 2 6 7 8
0 1 2 3 8 14
0 1 2 4 13 16
0 1 4 5 6 9
0 1 2 4 8 15
0 1 2 7 9 14
0 1 2 12 13 14
0 1 2 3 4 16
0 1 2 8 10 14
0 1 2 3 6 7
0 1 2 3 14 15
0 1 2 4 11 13
0 1 2 6 7 9
0 1 2 4 9 14
0 1 2 7 8 15
0 2 3 4 10 17
0 1 2 3 8 15
0 1 2 3 7 9
0 1 2 4 13 17
0 1 2 3 14 16
0 2 3 4 14 15
0 1 2 3 4 17
0 1 2 4 8 14
0 1 2 7 9 13
0 1 2 6 13 16
0 1 2 3 12 13
0 1 2 3 4 5
0 1 2 4 9 15
0 2 4 6 9 14
0 2 3 4 10 16
0 1 2 9 14 17
0 1 2 4 5 17
0 1 2 3 14 17
0 1 2 3 13 15
0 1 3 5 13 17
0 1 2 4 8 13
0 1 2 3 5 7
0 2 3 8 13 16
0 1 2 7 9 12
0 1 2 3 7 8
0 2 3 8 9 14
0 1 2 4 5 6
0 1 2 6 13 17
0 1 2 3 12 14
0 1 2 3 4 6
0 1 2 4 15 17
0 1 2 3 7 11
0 1 2 3 13 14
0 1 2 4 8 12
0 1 2 3 11 13
0 1 2 4 6 7
