0 1 2 3 4 9
0 1 4 9 12 13
0 1 2 4 7 9
0 1 2 3 4 12
0 2 4 6 8 10
0 1 2 4 11 15
0 1 4 5 8 14
0 1 2 4 5 13
0 1 2 4 9 12
0 1 4 5 8 9
0 1 2 4 5 8
0 1 4 7 10 14
0 1 2 4 6 8
0 1 2 4 13 15
0 1 4 5 10 11
0 1 2 3 4 10
0 1 4 5 10 14
0 1 2 3 4 13
0 1 4 10 12 14
0 1 2 4 7 13
0 1 2 4 11 12
0 1 2 4 5 9
0 1 2 4 9 13
0 1 4 10 11 14
0 1 2 4 6 11
0 1 2 5 11 15
0 1 2 5 9 13
0 1 2 4 6 12
0 1 2 4 8 15
0 1 2 4 10 13
0 1 2 12 13 14
0 1 4 9 12 15
0 1 2 7 13 15
0 1 2 4 6 7
0 1 2 3 4 14
0 1 4 7 9 15
0 1 2 4 7 10
0 2 4 6 8 12
0 1 2 4 5 15
0 1 2 4 11 13
0 1 2 4 5 10
0 1 4 5 8 11
0 1 4 7 8 14
0 1 2 4 9 14
0 1 2 5 13 15
0 1 4 10 11 15
0 1 4 9 14 15
0 1 2 4 8 14
0 1 2 4 10 12
0 1 2 12 13 15
0 1 2 4 12 15
0 1 4 7 9 14
0 1 2 3 4 5
0 1 2 3 12 13
0 1 2 4 5 11
0 1 2 4 9 15
0 1 2 12 14 15
0 1 4 10 11 12
0 1 4 5 8 12
0 1 4 8 12 14
0 1 2 5 11 13
0 1 2 5 9 15
0 1 2 4 8 13
0 1 2 4 10 15
0 1 2 4 12 14
0 1 2 4 12 13
0 1 4 7 9 10
0 1 2 3 4 8
0 1 2 4 7 8
0 1 2 4 5 6
0 2 4 6 8 14
0 1 2 3 4 6
0 1 4 11 14 15
0 1 2 4 11 14
0 1 2 3 12 14
0 1 4 7 8 12
0 1 4 7 8 11
0 1 2 4 6 9
0 1 2 4 13 14
0 1 2 4 8 12
0 1 2 4 14 15
0 1 4 7 9 13
