0 1 2 9 10 11
0 1 2 3 6 10
0 1 2 4 7 9
0 1 3 6 8 10
0 1 2 3 4 7
0 2 4 6 8 10
0 1 3 7 8 11
0 1 3 6 7 9
0 1 2 3 7 10
0 1 3 8 10 11
0 1 2 4 6 8
0 1 2 6 9 10
0 1 3 4 6 10
0 1 3 6 8 11
0 1 3 7 9 10
0 2 4 7 9 11
0 1 2 3 6 11
0 1 2 6 8 10
0 1 2 4 9 10
0 1 2 6 7 8
0 1 2 4 6 11
0 1 2 6 9 11
0 1 3 4 6 11
0 1 3 7 9 11
0 1 2 3 4 11
0 1 2 7 9 11
0 1 2 3 6 8
0 1 2 4 7 10
0 1 2 3 6 7
0 1 2 3 10 11
0 1 2 4 9 11
0 1 3 6 9 11
0 1 2 6 7 9
0 1 2 4 6 10
0 1 3 4 6 7
0 1 2 7 9 10
0 1 2 3 6 9
0 1 3 6 9 10
0 1 2 6 10 11
0 1 2 3 4 5
0 1 2 6 7 10
0 1 3 6 7 10
0 1 2 6 8 9
0 1 3 7 10 11
0 1 2 3 7 8
0 1 3 4 6 8
0 1 3 6 8 9
0 1 2 3 4 8
0 1 3 4 8 11
0 1 2 3 4 6
0 1 2 6 7 11
0 1 2 3 7 11
0 1 2 4 6 9
0 1 3 4 6 9
0 1 2 4 6 7
