0 1 4 5 10
0 2 5 8 12
0 1 8 10 12
0 1 3 9 13
0 1 2 5 11
0 1 3 9 10
0 1 3 5 11
0 1 3 8 13
0 1 2 8 14
0 1 3 4 6
0 1 4 8 15
0 1 2 3 5
0 1 3 10 15
0 1 2 4 5
0 2 4 8 11
0 1 3 6 8
0 1 4 9 11
0 2 5 8 13
0 1 8 10 13
0 1 3 9 11
0 1 3 5 8
0 1 3 8 12
0 1 2 8 15
0 2 4 6 9
0 1 2 3 4
0 1 3 10 14
0 2 4 8 10
0 1 4 9 10
0 2 5 8 14
0 1 2 5 9
0 1 3 5 9
0 1 4 10 11
0 1 3 8 11
0 2 4 10 14
0 2 4 9 11
0 1 2 8 12
0 2 4 6 8
0 1 4 11 15
0 1 4 8 9
0 1 2 4 10
0 2 4 8 12
0 1 3 6 10
0 1 4 9 13
0 1 3 4 8
0 1 2 5 8
0 1 3 8 10
0 1 3 11 15
0 1 2 8 13
0 1 2 8 10
0 1 4 8 10
0 1 2 3 9
0 1 2 4 11
0 1 2 9 13
0 1 3 9 14
0 1 2 11 15
0 2 5 9 11
0 1 4 10 14
0 1 8 11 14
0 1 3 8 9
0 2 4 9 13
0 1 2 8 11
0 1 3 4 10
0 1 4 8 11
0 1 4 8 12
0 1 2 3 8
0 1 2 4 8
0 1 4 5 8
0 1 2 4 6
0 1 3 10 11
0 1 4 9 15
0 2 5 11 15
0 2 5 8 10
0 1 8 10 14
0 1 3 9 15
0 2 5 9 13
0 1 4 10 15
0 1 3 8 15
0 2 4 9 14
0 1 3 4 9
0 1 4 8 13
0 1 2 4 9
0 1 2 9 11
0 1 4 9 14
0 2 5 8 11
0 1 3 5 10
0 1 3 8 14
0 2 4 9 15
0 1 2 8 9
0 1 4 8 14
