0 1 4 7 10
0 1 3 4 7
0 1 4 7 8
0 2 4 6 9
0 1 3 8 10
0 1 3 6 7
0 1 3 6 9
0 1 2 3 4
0 2 4 7 9
0 1 3 9 10
0 1 2 6 9
0 1 3 7 9
0 1 3 6 11
0 1 2 3 6
0 1 4 5 9
0 1 2 4 11
0 1 3 5 11
0 1 2 5 9
0 1 3 7 11
0 1 2 4 9
0 1 3 5 9
0 1 3 5 7
0 1 2 4 7
0 1 4 6 9
0 2 4 7 10
0 1 2 5 6
0 1 3 4 6
0 1 4 7 9
0 1 5 7 9
0 2 5 7 10
0 1 2 3 5
0 1 2 4 5
0 1 2 6 7
0 1 3 7 8
0 1 4 8 9
0 1 3 8 9
0 2 4 6 8
0 1 2 6 8
0 1 2 7 8
0 1 3 6 8
0 1 2 3 7
0 1 2 4 10
0 1 3 5 10
0 1 4 6 10
0 1 2 5 10
0 1 3 7 10
0 1 3 6 10
0 1 2 5 7
0 1 2 3 8
0 1 3 5 8
0 1 2 4 8
0 1 4 5 8
0 1 3 4 8
0 1 4 6 8
0 1 2 5 8
0 1 2 4 6
0 1 3 5 6
