0 1 2 14
0 5 7 15
0 1 2 11
0 1 6 7
0 1 2 8
0 1 2 5
0 1 6 9
0 4 5 15
0 5 6 15
0 1 8 17
0 1 8 18
0 2 7 11
0 2 7 12
0 2 3 4
0 1 5 9
0 2 3 15
0 1 5 7
0 1 7 8
0 3 4 5
0 1 3 6
0 3 4 10
0 1 3 5
0 2 4 17
0 3 4 15
0 1 3 8
0 3 11 17
0 3 4 12
0 1 3 15
0 1 3 18
0 2 4 6
0 6 7 9
0 1 3 17
0 1 6 18
0 2 6 10
0 2 4 15
0 6 7 16
0 2 4 10
0 2 4 9
0 1 2 18
0 1 2 15
0 1 4 9
0 1 2 12
0 1 4 10
0 1 2 9
0 1 2 6
0 1 6 10
0 1 2 3
0 4 5 6
0 1 9 17
0 1 6 12
0 3 5 12
0 2 7 17
0 5 6 16
0 3 5 11
0 4 5 16
0 2 7 8
0 5 6 7
0 1 8 9
0 1 8 10
0 1 5 18
0 3 4 16
0 1 5 13
0 2 9 17
0 1 5 8
0 2 3 12
0 1 5 11
0 2 3 9
0 1 5 6
0 2 3 10
0 1 7 11
0 2 3 16
0 3 4 11
0 1 3 4
0 4 6 15
0 1 3 11
0 1 3 14
0 1 3 13
0 2 4 13
0 2 4 8
0 1 2 16
0 3 10 11
0 1 2 13
0 1 2 10
0 1 4 12
0 1 9 10
0 1 2 7
0 1 6 11
0 1 2 4
0 1 6 8
0 2 8 10
0 1 4 7
0 2 8 9
0 3 5 15
0 4 5 11
0 3 5 10
0 2 7 9
0 1 7 18
0 1 7 17
0 2 10 17
0 1 5 17
0 3 4 17
0 2 3 7
0 1 5 12
0 2 3 13
0 1 5 10
0 2 3 11
0 1 7 10
0 1 7 9
0 2 3 17
0 1 3 7
0 1 3 10
0 2 9 10
0 1 3 9
0 1 3 12
0 6 7 15
0 1 6 17
0 2 6 11
0 2 4 12
0 2 4 11
0 1 2 17
