0 1 2 3 17
0 2 3 10 17
0 1 2 3 10
0 1 2 3 13
0 1 2 4 15
0 1 3 10 17
0 1 3 13 17
0 1 7 9 17
0 1 2 9 10
0 2 3 13 17
0 1 4 9 17
0 1 2 10 17
0 1 3 9 13
0 1 3 9 10
0 2 3 4 9
0 1 3 9 17
0 1 3 12 14
0 1 2 6 9
0 1 2 12 13
0 1 3 8 17
0 1 3 8 13
0 1 2 7 13
0 1 2 8 14
0 3 5 8 13
0 2 4 6 10
0 1 2 13 16
0 1 2 3 16
0 2 3 9 13
0 1 2 3 5
0 1 2 3 12
0 1 2 4 12
0 1 2 4 5
0 2 3 13 16
0 1 3 9 11
0 2 3 4 14
0 1 2 6 10
0 1 4 7 10
0 1 3 8 16
0 1 3 11 13
0 1 2 7 12
0 2 4 9 10
0 1 2 8 15
0 1 3 4 14
0 2 4 6 9
0 1 2 3 4
0 1 2 3 15
0 1 2 4 13
0 1 2 4 16
0 2 4 8 10
0 2 3 4 16
0 1 2 5 9
0 2 3 4 15
0 1 2 11 13
0 1 2 12 16
0 1 3 11 14
0 1 2 7 17
0 1 3 4 13
0 1 2 8 12
0 1 2 8 16
0 2 4 6 8
0 1 2 14 16
0 1 4 8 9
0 1 3 4 17
0 2 3 9 10
0 2 3 10 14
0 1 2 3 14
0 1 2 4 10
0 1 2 3 7
0 1 2 4 17
0 1 2 9 14
0 1 3 4 8
0 2 3 4 17
0 1 2 5 7
0 2 6 9 13
0 1 2 6 13
0 1 2 11 12
0 1 2 12 17
0 2 4 16 17
0 1 3 8 10
0 2 4 10 17
0 1 2 7 9
0 1 2 8 13
0 1 2 8 10
0 1 3 4 11
0 1 3 4 16
0 1 2 8 17
0 1 2 14 17
0 1 4 8 10
0 1 2 13 14
0 1 2 3 6
0 1 2 3 9
0 1 2 4 11
0 2 4 8 16
0 1 2 9 17
0 1 2 9 13
0 1 2 10 12
0 1 2 5 6
0 2 3 4 10
0 1 2 6 14
0 1 2 16 17
0 1 2 12 14
0 1 3 8 9
0 1 2 7 8
0 2 4 10 12
0 1 2 8 11
0 1 3 4 10
0 2 4 6 14
0 1 4 8 12
0 2 12 13 16
0 1 2 3 8
0 1 2 4 8
0 1 3 10 11
0 1 2 4 6
0 1 2 9 16
0 1 2 9 12
0 1 2 10 13
0 3 4 5 17
0 3 4 5 10
0 2 3 13 15
0 1 2 12 15
0 2 4 9 14
0 2 4 12 14
0 1 3 4 9
0 2 3 10 16
0 2 3 9 15
0 1 2 3 11
0 1 2 4 9
0 1 2 4 14
0 1 2 4 7
0 1 3 10 13
0 1 2 9 11
0 1 2 10 14
0 3 4 5 16
0 3 4 5 9
0 1 2 10 16
0 1 3 9 12
0 3 4 9 10
0 1 3 9 16
0 1 2 6 7
0 1 2 6 8
0 2 3 4 8
0 1 3 8 14
0 1 2 8 9
0 1 2 13 17
