0 1 3 8
0 1 4 8
0 1 2 14
0 1 11 16
0 1 8 16
0 1 2 11
0 1 4 13
0 2 4 6
0 1 2 8
0 1 5 11
0 1 3 17
0 1 2 5
0 1 8 11
0 1 11 12
0 1 12 17
0 2 4 10
0 11 13 14
0 2 4 16
0 1 3 4
0 1 4 9
0 1 5 12
0 11 12 13
0 1 2 15
0 1 8 17
0 1 2 12
0 1 4 10
0 1 3 13
0 1 2 9
0 1 2 6
0 2 6 9
0 1 4 5
0 1 2 3
0 2 4 14
0 1 7 9
0 1 4 6
0 4 15 17
0 1 4 16
0 2 4 8
0 2 4 17
0 2 9 13
0 2 13 17
0 1 2 16
0 11 12 14
0 1 3 9
0 1 11 17
0 1 2 13
0 1 4 11
0 1 3 12
0 1 5 9
0 4 14 15
0 1 2 10
0 1 4 12
0 1 8 12
0 1 2 7
0 1 8 9
0 1 2 4
0 2 8 10
0 1 7 8
0 1 4 7
0 2 8 9
0 2 4 12
0 1 4 17
0 1 3 6
0 1 3 5
0 1 2 17
