0 1 4 5 10
0 1 2 4 15
0 2 5 11 13
0 1 4 6 12
0 1 2 5 11
0 2 4 13 15
0 2 5 9 15
0 1 4 10 13
0 1 4 7 11
0 1 4 8 15
0 1 6 10 15
0 1 2 4 12
0 1 2 4 5
0 1 4 9 11
0 2 5 8 13
0 1 4 6 13
0 1 4 6 10
0 1 6 8 10
0 1 4 7 10
0 1 4 14 15
0 2 4 6 9
0 1 2 3 4
0 1 4 8 14
0 1 2 4 13
0 2 4 8 10
0 2 4 8 13
0 1 4 9 10
0 1 4 6 11
0 1 2 5 9
0 1 6 8 11
0 1 4 7 9
0 1 4 10 11
0 1 2 7 15
0 2 4 9 11
0 2 4 6 8
0 1 4 11 15
0 1 4 8 9
0 1 2 4 10
0 2 4 8 12
0 2 5 8 15
0 1 4 6 8
0 1 2 5 8
0 1 2 5 7
0 1 4 7 8
0 1 2 7 9
0 2 4 10 13
0 2 4 9 12
0 1 2 8 10
0 1 4 11 14
0 1 4 8 10
0 1 6 9 14
0 1 2 4 11
0 1 4 9 12
0 1 4 6 9
0 1 2 5 15
0 1 6 8 9
0 1 4 10 14
0 1 6 8 14
0 1 2 7 8
0 2 4 10 12
0 2 4 9 13
0 1 2 8 11
0 1 4 8 11
0 1 4 8 12
0 1 4 5 8
0 1 2 4 8
0 1 2 3 8
0 1 6 7 8
0 1 2 4 6
0 2 4 8 14
0 1 4 9 15
0 2 5 8 10
0 1 4 6 14
0 2 5 9 13
0 1 6 8 15
0 1 4 10 15
0 1 2 7 11
0 2 4 9 14
0 1 4 11 12
0 1 6 9 11
0 1 4 8 13
0 1 2 4 9
0 1 2 4 14
0 1 2 4 7
0 1 2 9 11
0 1 4 9 14
0 1 6 11 14
0 1 4 6 15
0 1 2 5 13
0 2 5 7 8
0 1 4 10 12
0 2 4 9 15
0 1 2 8 9
0 1 6 10 14
