0 1 2 3 4 5 6 7 8 9 10 11 14 15
0 1 2 3 4 5 6 7 8 9 10 11 13 15
0 1 2 3 4 5 6 7 8 11 12 13 14 15
0 1 2 3 4 5 6 7 8 9 10 11 12 13
0 1 2 3 4 5 6 7 8 10 11 12 13 15
0 1 2 3 4 5 6 7 8 9 10 11 13 16
0 1 2 3 4 5 6 7 8 9 10 11 14 16
0 1 2 3 4 5 6 7 8 10 11 12 13 14
0 1 2 3 4 5 6 7 9 10 11 13 14 15
0 1 2 3 4 5 6 7 9 10 11 12 13 14
0 1 2 3 4 5 6 7 9 10 11 12 14 15
0 1 2 3 4 5 6 7 8 9 10 11 15 16
0 1 2 3 4 5 6 7 9 10 11 12 13 15
0 1 2 3 4 5 6 9 10 11 13 14 15 16
0 1 2 3 4 5 6 7 8 9 10 11 12 15
0 1 2 3 4 5 6 9 10 11 12 14 15 16
0 1 2 3 4 5 6 7 8 9 10 12 13 15
0 1 2 3 4 5 6 7 8 9 10 12 13 16
0 1 2 3 4 5 6 9 10 11 12 13 15 16
0 1 2 3 4 5 8 9 10 11 13 14 15 16
0 1 2 3 4 5 6 7 8 9 10 11 12 16
0 1 2 3 4 5 6 7 8 9 10 11 13 14
0 1 2 3 4 5 6 7 8 9 10 11 12 14
0 1 2 3 4 5 6 7 8 10 11 12 14 15
