0 1 2 14
0 1 4 8
0 1 2 11
0 1 6 7
0 1 2 8
0 1 2 5
0 1 6 9
0 3 7 19
0 1 9 18
0 7 8 17
0 10 12 14
0 2 3 4
0 2 3 8
0 1 5 7
0 1 7 8
0 1 3 6
0 1 3 5
0 1 3 8
0 1 3 15
0 1 3 18
0 2 4 6
0 2 6 12
0 1 6 18
0 2 6 10
0 2 4 10
0 1 2 18
0 1 2 15
0 1 4 9
0 1 2 12
0 3 8 13
0 2 8 18
0 1 2 9
0 1 2 6
0 1 6 10
0 1 2 3
0 1 6 12
0 3 7 8
0 1 8 19
0 1 8 9
0 1 8 10
0 1 7 19
0 2 10 18
0 6 8 18
0 1 5 13
0 1 5 8
0 2 3 12
0 1 5 6
0 1 7 12
0 1 3 4
0 1 3 11
0 1 3 14
0 1 3 13
0 1 3 16
0 2 6 14
0 6 7 17
0 2 4 8
0 1 2 19
0 1 2 16
0 1 2 13
0 1 4 11
0 1 2 10
0 1 4 12
0 1 9 10
0 1 2 7
0 1 6 11
0 1 2 4
0 2 8 10
0 3 7 12
0 1 6 13
0 1 9 19
0 2 8 12
0 1 10 19
0 7 8 19
0 1 8 11
0 1 7 18
0 2 3 7
0 1 5 12
0 6 8 16
0 2 3 13
0 2 3 14
0 1 7 10
0 1 7 9
0 2 3 17
0 1 3 7
0 1 3 10
0 1 3 9
0 1 3 12
0 2 6 18
0 1 3 19
0 6 7 8
0 2 6 8
0 2 4 12
0 1 2 17
