0 1 2 4 5 7
0 1 2 3 6 10
0 1 2 4 10 17
0 1 2 3 13 17
0 1 2 3 12 15
0 1 5 6 10 12
0 1 2 6 7 12
0 1 2 3 4 7
0 1 2 7 8 10
0 1 2 3 7 10
0 1 2 3 11 12
0 1 2 6 8 16
0 1 2 4 10 16
0 1 2 3 6 11
0 1 2 3 13 16
0 1 2 6 7 13
0 1 2 10 11 16
0 1 2 3 7 13
0 1 2 7 12 13
0 1 2 6 14 16
0 1 2 3 11 15
0 1 2 3 6 8
0 1 2 6 7 14
0 1 2 3 10 14
0 2 3 4 9 15
0 2 3 4 11 12
0 1 2 3 7 12
0 1 2 3 5 11
0 2 3 4 8 9
0 1 5 10 11 17
0 1 2 6 7 15
0 1 2 6 16 17
0 1 2 3 10 15
0 1 2 3 7 15
0 1 2 7 11 17
0 1 2 3 5 10
0 1 2 6 7 16
0 1 2 3 10 12
0 1 2 3 7 14
0 1 2 5 7 11
0 1 2 7 11 16
0 1 2 3 5 9
0 1 4 7 10 13
0 1 2 3 12 16
0 1 2 3 4 12
0 1 2 6 7 17
0 2 4 6 8 10
0 1 2 3 10 13
0 2 3 4 9 10
0 1 2 3 7 17
0 1 2 4 5 8
0 1 2 5 7 10
0 1 2 3 5 8
0 1 2 4 11 17
0 1 2 3 12 17
0 2 3 4 8 10
0 1 2 4 6 13
0 1 2 3 4 13
0 1 2 6 8 10
0 1 2 4 6 17
0 2 3 4 9 11
0 1 2 3 7 16
0 1 2 3 5 15
0 1 5 6 7 17
0 2 3 4 10 12
0 1 2 6 10 17
0 1 2 3 4 14
0 1 2 4 8 17
0 1 2 3 11 17
0 1 2 3 10 11
0 1 2 6 8 13
0 1 2 4 6 16
0 2 4 6 8 12
0 3 4 9 10 15
0 1 2 4 5 10
0 1 2 3 5 14
0 1 2 4 6 15
0 1 5 6 7 16
0 2 3 4 10 11
0 1 2 6 10 16
0 1 2 3 4 15
0 1 2 6 8 12
0 1 2 6 10 11
0 1 2 3 8 17
0 1 5 6 7 11
0 1 2 4 5 11
0 1 2 3 5 13
0 1 5 6 11 17
0 1 2 4 6 14
0 1 2 7 12 16
0 1 2 5 6 14
0 1 2 3 4 8
0 1 5 7 11 17
0 1 2 5 7 14
0 1 2 3 5 12
0 1 5 6 11 16
0 1 2 3 5 6
0 1 2 4 10 11
0 1 2 5 6 15
0 1 2 3 4 9
0 1 2 6 8 14
0 1 2 8 10 17
0 1 2 4 5 13
0 1 2 7 10 11
0 1 2 4 6 8
0 1 2 4 7 16
0 1 2 6 11 12
0 1 2 3 4 10
0 1 2 4 7 13
0 1 2 11 12 16
0 1 2 6 11 16
0 1 2 4 5 14
0 1 2 3 10 16
0 1 2 3 8 9
0 1 2 7 11 12
0 1 2 3 4 11
0 1 2 6 10 15
0 1 2 4 7 10
0 1 2 6 11 17
0 1 2 4 5 15
0 1 2 3 5 17
0 2 3 7 8 15
0 1 2 3 10 17
0 1 2 4 6 10
0 1 2 6 11 14
0 1 2 5 6 10
0 1 2 10 11 12
0 1 2 6 10 14
0 1 2 4 7 11
0 2 4 8 10 14
0 1 2 3 15 17
0 1 2 6 12 13
0 1 5 6 11 12
0 1 2 3 5 16
0 2 3 7 8 12
0 1 2 8 13 14
0 1 2 3 8 11
0 1 2 6 12 17
0 1 2 6 11 15
0 1 2 4 10 15
0 1 2 5 6 11
0 1 2 4 8 10
0 1 2 4 7 8
0 1 2 7 10 15
0 1 2 7 8 12
0 1 2 3 8 12
0 1 2 6 12 16
0 1 5 6 7 12
0 1 2 6 10 12
0 1 2 8 10 12
0 1 2 4 11 15
0 1 2 7 10 12
0 1 2 7 8 13
0 1 2 5 10 11
0 1 2 4 13 15
0 1 2 6 13 14
0 2 3 4 12 14
0 1 2 6 8 17
0 1 2 7 8 17
0 1 2 3 16 17
0 1 2 6 7 8
0 1 2 7 8 14
0 1 2 3 8 14
0 1 2 3 4 16
0 2 3 7 11 12
0 1 2 10 12 16
0 1 2 8 10 14
0 1 2 3 6 7
0 1 2 3 14 15
0 1 2 3 7 9
0 1 2 3 14 16
0 2 3 4 14 15
0 1 2 3 4 17
0 1 2 4 8 14
0 1 2 3 12 13
0 1 2 3 4 5
0 1 2 6 7 10
0 1 2 3 7 8
0 1 2 4 5 17
0 1 2 3 14 17
0 1 2 3 13 15
0 1 2 3 5 7
0 1 2 4 8 13
0 1 2 3 12 14
0 1 2 3 4 6
0 1 2 6 7 11
0 1 5 6 10 11
0 1 2 7 16 17
0 1 2 3 7 11
0 1 2 3 13 14
0 1 2 3 11 13
0 2 3 4 8 12
0 1 2 4 6 7
