0 1 3 8
0 5 6 14
0 1 2 14
0 1 4 8
0 1 3 15
0 1 2 11
0 1 5 8
0 1 6 7
0 2 4 6
0 5 6 8
0 1 2 8
0 1 5 11
0 2 3 9
0 2 7 9
0 1 2 5
0 1 5 6
0 1 6 9
0 2 3 10
0 2 6 10
0 2 4 15
0 2 8 15
0 2 4 10
0 2 9 15
0 2 4 9
0 1 3 4
0 3 5 13
0 1 3 11
0 1 2 15
0 1 4 9
0 3 4 13
0 1 2 12
0 1 5 15
0 2 3 13
0 1 3 13
0 1 5 10
0 1 2 9
0 2 3 14
0 1 8 15
0 1 2 6
0 1 7 15
0 1 3 16
0 2 3 11
0 1 6 10
0 1 2 3
0 4 5 6
0 1 6 16
0 1 6 15
0 1 7 9
0 1 7 16
0 2 4 13
0 1 3 7
0 1 5 16
0 3 4 9
0 2 3 4
0 1 3 10
0 1 2 16
0 4 6 13
0 3 4 14
0 1 3 9
0 1 2 13
0 5 6 13
0 1 4 11
0 1 3 12
0 1 2 10
0 1 5 9
0 2 3 15
0 2 4 7
0 1 2 7
0 2 7 8
0 2 3 8
0 1 8 9
0 1 6 8
0 1 2 4
0 1 5 7
0 1 7 8
0 2 8 9
0 4 5 13
0 3 4 5
0 2 4 11
0 1 3 6
0 4 5 14
0 3 4 10
0 1 3 5
0 3 5 10
