0 1 2 3 17
0 1 8 9 10
0 1 2 3 10
0 1 2 4 15
0 1 2 3 13
0 1 3 10 12
0 1 2 4 18
0 1 2 9 10
0 1 3 6 7
0 1 3 6 14
0 1 3 6 9
0 1 2 10 15
0 1 6 10 11
0 1 2 10 17
0 1 2 5 12
0 1 2 5 11
0 1 3 9 13
0 1 2 6 9
0 1 3 12 14
0 1 2 6 18
0 2 4 6 12
0 1 3 5 11
0 1 2 12 13
0 1 2 12 18
0 2 3 8 14
0 1 3 8 13
0 1 3 11 12
0 1 2 7 13
0 6 7 8 17
0 1 2 8 14
0 1 3 4 6
0 1 2 8 18
0 2 4 6 10
0 1 3 7 14
0 1 2 13 16
0 1 6 12 18
0 1 2 3 16
0 1 3 4 19
0 1 2 3 5
0 1 6 7 12
0 1 2 3 12
0 1 2 4 5
0 1 2 4 12
0 2 3 7 8
0 1 2 4 19
0 1 3 13 14
0 1 5 6 14
0 1 3 6 8
0 1 2 10 18
0 1 4 12 18
0 1 2 5 10
0 1 3 9 11
0 1 3 12 13
0 1 2 6 19
0 1 2 16 18
0 1 7 8 19
0 1 3 15 18
0 1 2 6 10
0 1 3 12 19
0 1 3 5 8
0 1 3 5 6
0 1 2 7 12
0 1 3 11 13
0 1 5 7 19
0 2 8 10 12
0 1 5 7 14
0 1 3 4 14
0 1 2 8 19
0 1 3 4 18
0 1 3 7 15
0 1 3 7 16
0 1 8 9 19
0 1 2 3 19
0 1 2 3 4
0 1 2 3 15
0 10 12 14 16
0 1 2 4 13
0 1 2 4 16
0 2 4 8 10
0 1 3 13 15
0 1 5 6 13
0 1 3 6 11
0 1 2 10 19
0 1 2 5 9
0 1 2 6 11
0 1 2 6 12
0 1 3 12 18
0 1 3 5 7
0 1 3 18 19
0 1 2 12 16
0 2 3 8 12
0 1 3 8 11
0 2 6 8 18
0 1 3 11 14
0 1 2 7 17
0 2 6 8 14
0 1 2 8 12
0 1 3 4 13
0 1 2 8 16
0 2 4 6 8
0 1 2 14 16
0 1 4 8 9
0 1 3 7 8
0 1 6 7 18
0 1 2 3 18
0 1 2 3 7
0 1 2 3 14
0 1 2 4 10
0 1 2 4 17
0 2 3 7 13
0 2 4 8 12
0 3 7 8 19
0 1 2 10 11
0 1 4 9 18
0 1 6 11 18
0 1 4 9 13
0 1 3 4 8
0 1 2 5 8
0 1 2 5 7
0 2 3 4 12
0 1 2 6 13
0 1 7 8 10
0 1 2 11 12
0 2 3 8 13
0 1 3 8 10
0 1 2 7 14
0 1 3 11 15
0 1 2 7 16
0 1 2 7 9
0 1 2 8 13
0 1 2 8 10
0 1 3 4 11
0 1 3 4 12
0 1 3 4 16
0 2 3 12 14
0 1 2 13 14
0 1 3 7 18
0 1 3 7 9
0 1 2 3 6
0 1 6 7 9
0 1 2 4 11
0 1 2 3 9
0 1 3 13 18
0 1 7 9 18
0 1 2 10 12
0 1 4 9 12
0 1 6 11 12
0 1 8 10 18
0 1 2 5 15
0 1 2 5 6
0 1 3 9 14
0 2 3 4 13
0 1 2 5 19
0 1 2 6 14
0 1 7 8 9
0 1 3 5 12
0 1 2 11 16
0 1 2 12 14
0 1 3 8 9
0 1 2 7 8
0 1 3 11 18
0 1 5 7 13
0 1 2 8 11
0 2 4 6 14
0 1 2 14 18
0 1 4 8 11
0 1 4 8 18
0 1 3 7 19
0 2 4 6 18
0 1 6 10 12
0 1 3 7 10
0 1 2 3 8
0 1 2 4 8
0 1 3 10 11
0 1 2 4 6
0 2 8 10 18
0 2 6 10 14
0 1 7 9 10
0 1 3 13 19
0 1 7 9 19
0 1 9 10 19
0 1 6 10 18
0 1 2 10 13
0 1 8 10 19
0 1 2 5 14
0 1 3 9 15
0 1 2 5 18
0 1 3 9 19
0 1 2 6 15
0 1 2 6 16
0 1 2 11 14
0 1 3 5 13
0 1 3 8 19
0 1 3 8 15
0 1 2 7 11
0 1 3 11 19
0 1 2 7 18
0 1 7 10 19
0 1 3 14 19
0 2 4 12 14
0 1 3 4 9
0 1 4 11 12
0 1 3 7 12
0 1 4 8 13
0 1 2 13 18
0 1 2 3 11
0 1 2 4 9
0 1 2 4 14
0 1 2 4 7
0 1 8 9 11
0 1 9 10 18
0 1 5 6 18
0 1 5 6 7
0 1 2 9 11
0 1 2 10 14
0 1 2 10 16
0 2 3 13 14
0 1 7 18 19
0 1 2 5 13
0 1 2 5 17
0 1 2 6 7
0 1 2 6 8
0 2 3 4 8
0 1 2 6 17
0 1 3 5 10
0 1 2 11 18
0 1 2 7 10
0 1 5 8 13
0 2 6 8 10
0 6 7 8 16
0 1 5 7 8
0 1 2 8 9
0 2 3 12 13
0 1 3 7 13
0 1 4 8 14
0 2 4 6 16
