0 1 2 3 4 5 6 7 8 9 10 11 14 15
0 1 2 3 4 5 6 7 8 9 10 12 13 14
0 1 2 3 4 5 7 8 9 10 11 13 15 17
0 1 2 3 4 5 6 7 9 10 11 13 14 17
0 1 2 3 4 5 6 7 8 9 10 13 16 17
0 1 2 3 4 5 6 7 8 9 12 14 15 16
0 1 2 3 4 5 6 7 8 9 10 11 13 15
0 1 2 3 4 5 6 7 8 9 10 13 14 17
0 1 2 3 4 5 6 7 9 11 13 14 15 17
0 1 2 3 4 5 6 7 8 9 12 13 15 17
0 1 2 3 4 5 6 7 8 10 13 14 15 17
0 1 2 3 4 5 6 7 8 9 10 11 12 13
0 1 2 3 4 5 6 7 8 9 10 14 15 17
0 1 2 3 4 5 7 8 9 10 11 13 14 15
0 1 2 3 4 5 6 7 8 9 12 13 14 15
0 1 2 3 4 5 6 7 8 9 10 12 16 17
0 1 2 3 4 5 6 7 8 9 10 12 15 17
0 1 2 3 4 5 6 7 8 9 10 13 14 15
0 1 2 3 4 5 6 7 8 9 11 12 15 16
0 1 2 3 4 5 6 7 8 9 10 13 14 16
0 1 2 3 4 5 6 7 8 9 10 11 13 16
0 1 2 3 4 5 6 7 9 12 13 14 15 17
0 1 2 3 4 5 6 7 8 9 13 15 16 17
0 1 2 3 4 5 6 7 8 9 11 13 15 17
0 1 2 3 4 5 6 7 8 9 10 11 14 16
0 1 2 3 4 5 6 7 8 10 11 12 13 14
0 1 2 3 4 5 6 7 8 9 11 12 13 15
0 1 2 3 4 5 7 8 9 10 11 13 14 17
0 1 2 3 4 5 6 7 9 12 13 14 16 17
0 1 2 3 4 5 6 7 8 9 10 11 13 17
0 1 2 3 4 5 6 8 9 12 13 15 16 17
0 1 2 3 4 5 6 8 9 10 12 13 15 17
0 1 2 3 4 5 7 8 9 10 12 13 14 15
0 1 2 3 4 5 6 7 9 10 11 12 13 14
0 1 2 3 4 5 6 7 8 10 11 12 13 17
0 1 2 3 4 5 6 7 8 13 14 15 16 17
0 1 2 3 4 5 6 7 8 9 12 13 14 17
0 1 2 3 4 5 6 7 8 10 11 13 14 17
0 1 2 3 4 5 6 7 8 9 13 14 16 17
0 1 2 3 4 5 6 7 8 9 10 13 15 17
0 1 2 3 4 5 6 9 10 11 12 13 16 17
0 1 2 3 4 5 7 8 10 11 13 14 16 17
0 1 2 3 4 5 6 7 8 9 12 13 14 16
0 1 2 3 4 5 6 7 8 9 10 11 12 14
0 1 2 3 4 5 6 7 8 9 10 11 15 17
0 1 2 3 4 5 6 7 8 10 12 13 14 16
0 1 2 3 4 5 6 7 9 10 11 13 15 17
0 1 2 3 4 5 6 7 8 9 10 12 13 17
0 1 2 3 4 5 6 7 8 9 13 14 15 17
0 1 2 3 4 5 6 8 10 12 13 14 16 17
0 1 2 3 4 5 6 7 8 9 10 11 12 17
0 1 2 3 4 5 6 7 8 9 10 12 14 16
0 1 2 3 4 5 6 7 8 10 12 13 14 17
0 1 2 3 4 5 6 7 8 9 14 15 16 17
0 1 2 3 4 5 6 7 8 9 10 11 12 15
0 1 2 3 4 5 6 7 8 12 13 14 16 17
0 1 2 3 4 5 6 7 8 9 10 12 13 15
0 1 2 3 4 5 6 7 8 9 10 12 13 16
0 1 2 3 4 5 6 7 8 9 10 11 16 17
0 1 2 3 4 5 6 7 8 9 10 11 12 16
0 1 2 3 4 5 6 7 8 9 10 11 13 14
0 1 2 3 4 5 6 7 8 10 12 14 15 17
0 1 2 3 4 5 6 7 8 9 10 12 14 15
0 1 2 3 4 5 6 7 9 10 12 13 14 17
0 1 2 3 4 5 6 7 8 9 10 12 14 17
