0 3 4 16
0 1 3 8
0 1 4 8
0 1 2 14
0 3 5 9
0 2 12 13
0 1 2 11
0 1 4 13
0 2 4 6
0 1 2 8
0 3 13 16
0 2 3 9
0 1 3 17
0 1 2 5
0 2 3 10
0 2 3 16
0 2 4 10
0 2 4 9
0 1 3 4
0 2 4 16
0 3 9 14
0 3 5 13
0 1 3 11
0 1 4 9
0 1 2 15
0 2 12 16
0 3 5 8
0 1 8 17
0 1 2 12
0 1 4 10
0 1 3 14
0 2 3 13
0 1 3 13
0 1 2 9
0 1 3 16
0 1 2 6
0 2 6 9
0 1 2 3
0 2 4 14
0 1 7 9
0 3 9 10
0 2 4 8
0 2 9 13
0 2 3 4
0 1 3 10
0 3 4 9
0 1 2 16
0 3 4 14
0 2 13 17
0 1 3 9
0 1 2 13
0 3 13 14
0 1 3 12
0 1 2 10
0 2 3 15
0 1 8 12
0 1 2 7
0 1 8 9
0 1 2 4
0 1 4 7
0 2 4 12
0 3 4 5
0 3 4 10
0 2 4 17
0 1 2 17
