0 1 2 3 17
0 1 2 3 10
0 1 2 3 13
0 1 3 10 12
0 1 2 4 15
0 1 2 4 18
0 1 3 6 14
0 1 2 5 12
0 1 2 5 11
0 1 3 12 14
0 1 3 8 13
0 1 2 7 13
0 1 3 4 6
0 1 3 4 19
0 1 3 7 14
0 1 2 3 16
0 1 2 3 5
0 1 2 3 12
0 1 2 4 12
0 1 2 4 5
0 2 3 7 8
0 1 3 6 8
0 1 2 5 10
0 1 3 15 18
0 1 2 6 10
0 1 3 12 19
0 1 3 5 8
0 1 3 5 6
0 1 2 7 12
0 1 5 7 19
0 1 5 7 14
0 1 3 4 14
0 1 3 4 18
0 1 3 7 15
0 1 3 7 16
0 1 2 3 19
0 1 2 3 4
0 1 2 3 15
0 1 2 4 13
0 10 12 14 16
0 1 3 6 11
0 1 2 5 9
0 1 2 6 11
0 1 2 6 12
0 1 3 5 7
0 1 2 7 17
0 1 3 4 13
0 1 3 7 8
0 1 4 8 9
0 1 2 3 18
0 1 2 3 7
0 1 2 3 14
0 1 2 4 10
0 2 3 7 13
0 1 2 10 11
0 1 2 5 8
0 1 2 5 7
0 1 2 6 13
0 2 3 8 13
0 1 3 8 10
0 1 3 4 11
0 1 3 4 16
0 1 2 3 6
0 1 2 3 9
0 1 2 4 11
0 1 4 9 12
0 1 6 11 12
0 1 2 5 15
0 1 2 5 6
0 2 3 4 13
0 1 2 5 19
0 1 3 5 12
0 1 3 7 10
0 1 4 8 11
0 1 6 10 11
0 1 6 10 12
0 1 3 7 19
0 1 2 3 8
0 1 2 4 8
0 1 2 4 6
0 1 2 5 14
0 1 2 6 15
0 1 3 8 19
0 1 3 8 15
0 1 7 10 19
0 1 3 14 19
0 1 3 4 9
0 1 3 7 12
0 1 4 8 13
0 1 2 3 11
0 1 2 4 14
0 1 2 9 11
0 1 2 5 13
0 1 2 5 17
0 1 2 6 7
0 1 2 6 8
0 1 2 6 17
0 2 3 4 8
0 1 3 5 10
0 1 5 8 13
0 1 5 7 8
0 1 3 4 8
0 1 4 8 14
