0 1 2 5 6 7 10 12
0 1 2 3 6 7 10 12
0 1 2 3 4 6 7 10
0 1 2 3 4 7 8 10
0 1 2 3 5 7 8 12
0 1 2 3 5 6 11 12
0 1 2 3 4 5 7 11
0 1 2 3 5 6 7 10
0 1 2 3 4 5 9 11
0 1 3 4 6 7 9 10
0 1 2 3 4 5 8 11
0 1 2 3 5 8 10 12
0 1 2 3 5 6 9 12
0 1 2 3 4 5 6 8
0 1 2 3 4 6 8 11
0 1 2 3 4 6 9 12
0 1 2 3 4 6 7 11
0 1 2 3 5 6 8 13
0 1 2 3 5 7 8 11
0 1 2 3 4 6 11 12
0 1 2 3 5 6 12 13
0 1 2 3 4 5 7 10
0 1 2 3 4 5 9 10
0 1 2 3 4 7 9 12
0 1 2 3 5 8 10 13
0 1 2 3 5 6 8 10
0 1 2 3 4 5 6 9
0 1 2 3 5 6 10 11
0 1 2 3 6 7 11 12
0 1 2 3 4 5 8 12
0 1 2 3 4 7 9 11
0 1 2 3 4 6 7 8
0 1 2 3 5 6 7 13
0 1 2 3 6 7 9 12
0 1 2 3 4 5 7 13
0 1 2 3 5 6 9 11
0 1 3 4 6 7 9 12
0 1 2 3 4 6 7 12
0 1 2 3 4 5 8 9
0 1 2 3 4 5 6 7
0 1 2 3 5 6 8 11
0 1 2 3 4 5 7 9
0 1 2 3 5 6 7 8
0 1 2 3 4 5 6 10
0 1 2 3 5 6 10 12
0 1 2 3 5 9 11 12
0 1 2 5 6 7 10 11
0 1 2 3 4 6 7 9
0 1 2 3 5 6 7 12
0 1 2 3 5 6 8 12
0 1 2 3 4 6 8 9
0 1 2 3 5 7 10 13
0 1 2 3 4 6 9 10
0 1 2 3 4 5 7 12
0 1 3 4 6 9 10 13
0 1 2 3 4 6 7 13
0 1 2 3 5 7 8 13
0 1 2 3 5 6 11 13
0 1 2 3 4 5 7 8
0 1 2 3 5 6 7 11
0 1 2 3 5 6 10 13
0 1 2 4 5 7 10 12
0 1 2 3 4 5 8 10
0 1 2 3 6 7 9 11
0 1 2 3 4 6 10 12
0 1 2 3 4 6 9 11
