0 1 2 4 5 6 9 15
0 1 2 3 4 8 10 14
0 1 2 3 4 5 13 14
0 1 2 3 4 5 6 12
0 1 2 3 4 5 9 11
0 1 2 3 4 8 11 13
0 1 2 3 4 5 6 8
0 1 2 4 5 6 11 15
0 1 2 3 4 6 8 11
0 1 2 4 6 8 10 11
0 1 2 3 4 6 13 15
0 1 2 3 4 8 9 13
0 1 2 3 8 9 10 11
0 1 2 3 4 5 6 13
0 1 2 4 5 6 8 11
0 1 2 3 4 5 12 13
0 1 2 4 5 6 9 12
0 1 2 3 4 6 8 10
0 1 2 3 4 5 8 12
0 1 2 3 4 8 9 10
0 1 2 3 4 5 6 14
0 1 2 4 5 6 8 10
0 1 2 4 6 8 9 10
0 1 2 3 4 5 8 9
0 1 2 3 4 5 6 7
0 1 2 3 4 8 10 12
0 1 2 3 4 8 11 15
0 1 2 3 4 5 9 13
0 1 2 3 4 6 8 13
0 1 2 3 4 5 12 14
0 1 2 3 4 5 8 13
0 1 2 3 4 6 12 14
0 1 2 3 4 6 8 9
0 1 2 3 4 8 9 15
0 1 2 3 4 5 9 12
0 1 2 4 5 6 8 9
0 1 2 3 4 6 8 12
0 1 2 4 5 6 9 10
0 1 2 3 4 5 12 15
0 1 2 3 4 5 8 10
