0 1 2 4 5 6 8
0 1 2 4 5 6 11
0 1 2 4 5 9 10
0 1 2 4 5 6 10
0 1 2 3 4 6 13
0 1 2 3 4 6 12
0 1 2 4 5 9 14
0 1 2 4 5 9 15
0 1 2 3 4 6 8
0 1 2 4 6 8 9
0 1 2 4 6 8 10
0 1 2 4 6 8 11
0 1 2 3 4 5 12
0 1 2 4 5 12 15
0 1 2 3 4 5 13
0 1 2 3 4 8 13
0 1 2 3 4 5 8
0 1 2 3 4 8 12
0 1 2 3 4 5 9
0 1 2 3 4 8 15
0 1 2 4 5 10 13
0 1 2 3 4 8 14
0 1 2 4 6 12 14
0 1 2 3 4 5 6
0 1 2 3 4 8 9
0 1 2 3 4 8 11
0 1 2 3 4 8 10
0 1 2 3 8 9 10
0 1 2 4 5 13 14
0 1 2 4 7 14 15
0 1 2 4 7 8 10
0 1 2 4 5 8 10
0 1 2 4 6 9 10
0 1 2 4 5 6 9
