0 1 2 3 4 9
0 1 2 4 7 9
0 1 2 4 5 7
0 1 2 3 6 10
0 2 4 6 8 10
0 1 2 3 4 7
0 1 2 4 5 8
0 1 2 3 7 10
0 1 2 3 5 8
0 1 2 4 6 8
0 1 2 3 6 11
0 1 2 4 8 9
0 1 3 7 8 10
0 1 2 6 7 8
0 1 2 3 8 9
0 1 2 3 6 8
0 1 2 5 6 7
0 1 2 3 6 7
0 1 2 4 9 11
0 1 2 6 7 9
0 1 2 4 6 10
0 1 2 3 7 9
0 1 2 3 5 11
0 1 2 6 8 9
0 1 2 3 4 5
0 1 3 4 8 10
0 1 2 4 5 11
0 1 2 3 5 10
0 1 2 3 7 8
0 1 2 3 5 7
0 1 2 4 8 10
0 1 2 3 4 8
0 1 2 4 7 8
0 1 2 4 5 6
0 1 2 3 4 6
0 1 2 4 5 12
0 1 2 7 8 9
0 1 2 3 5 12
0 1 2 3 5 9
0 1 2 4 6 9
0 1 2 3 5 6
0 1 2 4 10 11
0 1 2 4 8 12
0 1 2 4 6 7
