0 1 2 3 10
0 1 2 3 13
0 1 2 4 15
0 1 2 4 18
0 1 5 12 17
0 1 5 6 8
0 1 2 9 10
0 1 2 10 15
0 1 2 10 17
0 1 2 5 11
0 1 2 6 9
0 1 2 6 18
0 1 2 12 13
0 1 4 7 11
0 1 2 7 13
0 1 5 8 12
0 1 2 8 14
0 1 3 4 6
0 1 3 4 15
0 1 2 8 18
0 1 2 14 15
0 1 2 3 16
0 1 2 3 5
0 1 2 3 12
0 1 2 4 12
0 1 2 4 5
0 1 2 10 18
0 1 4 9 11
0 1 2 5 10
0 1 2 6 10
0 1 5 9 12
0 1 4 7 10
0 1 2 8 15
0 1 3 4 14
0 1 3 4 18
0 1 2 3 4
0 1 2 3 15
0 1 2 4 13
0 1 2 4 16
0 1 5 6 13
0 1 2 5 9
0 1 2 6 12
0 1 5 10 11
0 1 4 10 11
0 1 2 7 17
0 1 2 13 15
0 1 2 3 18
0 1 2 3 7
0 1 2 3 14
0 1 2 4 10
0 1 2 4 17
0 1 5 11 12
0 1 2 9 14
0 1 2 10 11
0 1 4 9 13
0 1 2 5 7
0 1 2 6 13
0 1 5 10 17
0 1 2 11 12
0 1 2 12 17
0 1 2 7 14
0 1 2 7 9
0 1 5 13 17
0 1 2 7 16
0 1 5 8 17
0 1 2 8 13
0 1 2 8 17
0 1 2 13 14
0 1 3 7 9
0 1 2 3 6
0 1 2 3 9
0 1 2 4 11
0 1 2 9 17
0 1 2 9 13
0 1 2 10 12
0 1 2 5 6
0 1 2 6 14
0 1 2 16 17
0 1 2 11 15
0 1 2 8 11
0 1 2 3 8
0 1 2 4 8
0 1 2 4 6
0 1 5 6 10
0 1 2 9 12
0 1 2 10 13
0 1 2 6 15
0 1 2 6 16
0 1 2 11 14
0 1 2 12 15
0 1 2 7 11
0 1 2 7 18
0 1 3 4 9
0 1 2 3 11
0 1 2 4 9
0 1 2 4 14
0 1 2 4 7
0 1 5 6 18
0 1 2 9 11
0 1 2 10 14
0 1 2 5 13
0 1 2 6 7
0 1 2 6 8
0 1 2 6 17
0 1 5 8 18
0 1 2 7 10
0 1 2 8 9
0 1 2 13 17
