0 1 2 4 5 7
0 1 2 3 6 10
0 1 2 4 10 17
0 1 2 3 12 15
0 1 2 3 4 7
0 1 2 3 7 10
0 1 2 6 14 17
0 1 2 3 11 12
0 1 2 4 12 17
0 1 2 3 6 11
0 1 2 4 10 16
0 1 2 3 13 16
0 1 2 6 7 13
0 1 2 4 17 18
0 1 2 4 9 10
0 1 5 6 10 13
0 1 2 5 10 17
0 1 2 10 13 17
0 1 2 3 7 13
0 1 2 5 9 13
0 1 2 3 11 15
0 1 2 4 12 16
0 1 2 6 7 14
0 1 3 4 14 15
0 1 2 6 9 18
0 1 2 4 9 11
0 1 2 3 7 12
0 1 2 3 5 11
0 1 2 5 9 12
0 1 2 6 8 18
0 1 2 3 11 14
0 1 2 7 13 14
0 1 2 5 7 17
0 1 2 3 6 9
0 1 5 10 11 17
0 1 2 6 8 9
0 1 2 6 16 17
0 1 2 10 12 13
0 1 2 3 7 15
0 1 2 9 10 16
0 1 2 5 13 17
0 1 2 4 12 14
0 1 2 3 6 14
0 1 5 6 8 18
0 1 2 6 7 16
0 1 2 6 9 16
0 1 2 7 13 17
0 1 2 3 7 14
0 1 2 5 7 11
0 1 2 7 11 16
0 1 4 7 10 13
0 1 2 3 5 9
0 1 2 3 12 16
0 1 2 9 10 17
0 1 2 5 9 14
0 1 2 4 11 16
0 1 2 4 12 13
0 1 2 3 4 12
0 1 2 6 7 17
0 1 2 3 10 13
0 1 2 6 9 17
0 1 2 10 12 15
0 1 2 4 11 17
0 1 2 3 5 8
0 1 2 9 11 14
0 1 3 4 6 15
0 1 2 6 17 18
0 1 2 6 10 18
0 1 2 3 9 14
0 1 2 7 10 18
0 1 2 3 4 13
0 1 2 6 7 18
0 1 2 6 8 10
0 1 2 9 13 17
0 1 2 10 12 14
0 1 2 3 7 16
0 1 2 5 7 9
0 1 2 4 5 9
0 1 2 3 5 15
0 1 2 3 12 18
0 1 2 3 9 13
0 1 2 6 10 17
0 1 5 8 17 18
0 1 2 4 6 7
0 1 2 5 6 12
0 1 2 3 4 14
0 1 2 6 8 13
0 1 2 3 10 11
0 1 2 4 6 16
0 1 2 4 5 10
0 1 2 5 6 16
0 1 2 3 5 14
0 1 2 5 9 11
0 1 2 4 6 15
0 1 2 6 10 16
0 1 2 3 9 12
0 1 2 5 6 13
0 1 2 3 4 15
0 1 2 8 9 11
0 1 2 3 11 16
0 1 2 9 12 14
0 1 2 3 8 17
0 1 2 4 5 11
0 1 2 3 7 18
0 1 2 5 7 15
0 1 2 3 5 13
0 1 2 5 6 17
0 1 2 5 11 13
0 1 2 4 6 14
0 1 2 3 9 11
0 1 2 4 7 18
0 1 2 8 13 17
0 1 2 5 6 14
0 1 2 7 10 17
0 1 2 3 4 8
0 1 2 6 8 15
0 1 2 4 6 18
0 1 2 3 8 18
0 1 2 4 5 12
0 1 2 3 5 12
0 1 2 3 10 18
0 1 2 3 9 10
0 1 2 4 6 9
0 1 2 3 5 6
0 1 2 4 10 11
0 1 2 5 6 15
0 1 2 3 4 9
0 1 2 8 14 15
0 1 2 3 11 18
0 1 2 4 5 13
0 1 2 7 10 11
0 1 2 7 9 17
0 1 2 4 6 8
0 1 2 4 7 16
0 1 2 7 11 13
0 1 2 3 4 10
0 1 2 4 7 13
0 1 2 4 5 14
0 1 2 3 5 18
0 1 2 7 9 16
0 1 2 4 9 16
0 1 2 3 10 16
0 1 2 6 9 12
0 1 2 4 7 17
0 1 2 3 8 9
0 1 2 9 12 17
0 1 2 4 6 11
0 1 2 4 10 13
0 1 2 3 4 11
0 1 2 7 9 11
0 1 2 6 10 15
0 1 2 4 7 10
0 1 2 4 5 15
0 1 2 3 5 17
0 1 2 4 9 17
0 1 2 3 10 17
0 1 2 6 9 13
0 1 2 4 6 10
0 1 2 4 10 12
0 1 2 5 6 10
0 1 2 7 17 18
0 1 2 10 11 12
0 1 2 4 7 11
0 1 2 3 9 18
0 1 2 6 10 14
0 1 2 6 12 13
0 1 2 3 5 16
0 1 2 7 10 14
0 1 2 4 9 18
0 1 2 8 13 14
0 1 2 3 8 11
0 1 2 6 12 17
0 1 2 11 12 15
0 1 2 7 11 14
0 1 2 8 9 17
0 1 2 4 8 10
0 1 2 3 9 17
0 1 2 4 7 8
0 1 2 6 10 13
0 1 2 3 15 16
0 1 2 4 11 14
0 1 2 8 13 15
0 1 2 3 8 12
0 1 2 6 12 16
0 1 2 4 13 14
0 1 5 6 8 9
0 1 2 4 10 14
0 1 2 4 8 9
0 1 2 4 16 17
0 1 2 4 14 16
0 1 2 10 11 14
0 1 2 3 9 16
0 1 2 4 7 9
0 1 2 6 10 12
0 1 2 4 11 15
0 1 2 4 9 12
0 1 2 5 10 11
0 1 2 3 8 13
0 1 2 4 13 15
0 1 2 6 13 14
0 1 2 3 14 18
0 1 2 10 17 18
0 1 5 8 12 17
0 1 2 6 8 17
0 1 2 10 12 17
0 1 2 3 15 18
0 1 2 6 13 18
0 1 2 4 11 12
0 1 2 7 10 13
0 1 2 8 14 17
0 1 2 4 9 13
0 1 2 4 15 18
0 1 2 5 10 12
0 1 2 3 8 14
0 1 2 4 13 16
0 1 2 6 13 15
0 1 2 8 11 14
0 1 2 3 4 16
0 1 2 7 9 14
0 1 2 3 16 18
0 1 2 3 14 15
0 1 2 3 6 7
0 1 2 4 11 13
0 1 2 6 7 9
0 1 2 4 9 14
0 1 2 5 10 13
0 1 2 3 8 15
0 1 2 4 5 16
0 1 2 8 11 15
0 1 2 3 14 16
0 1 2 3 7 9
0 1 2 4 13 17
0 1 2 3 4 17
0 1 2 5 9 17
0 1 2 12 13 15
0 1 2 6 14 15
0 1 2 3 12 13
0 1 2 3 4 5
0 1 2 6 7 10
0 1 2 3 7 8
0 1 2 4 13 18
0 1 2 4 5 17
0 1 2 3 13 15
0 1 2 3 5 7
0 1 2 3 4 18
0 1 2 6 13 17
0 1 2 3 13 18
0 1 2 3 12 14
0 1 2 9 11 17
0 1 2 3 4 6
0 1 2 7 16 17
0 1 2 4 5 18
0 1 2 3 7 11
0 1 2 3 13 14
0 1 2 4 8 12
0 1 2 3 11 13
0 1 3 4 6 9
0 1 2 4 14 15
